((("LiberalTypeSynonyms" .
   [0 0 1 0 0 0 0 0 0 0 0 0 0 0 0 0 0 0 0])
  ("Data" .
   [0 0 1 0])
  ("head" .
   [0 0 1 1])
  ("lines" .
   [0 0 2 0 2])
  ("canObtain" .
   [0 0 0 1 0 0 0 0 0])
  ("ABBA" .
   [0 0 0 1])
  ("tmp2" .
   [2 0 0 0])
  ("tf" .
   [3 0])
  ("newA" .
   [3 0 0 0])
  ("target" .
   [0 0 4 1 0 0])
  ("initial" .
   [0 0 0 2 0 0 0])
  ("sum2" .
   [1 0 0 1])
  ("sum1" .
   [1 0 1 1])
  ("floor" .
   [1 0 0 1 3])
  ("float" .
   [0 0 0 1 0])
  ("sdiv2" .
   [1 0 0 0 0])
  ("smod" .
   [0 0 0 1])
  ("sdiv1" .
   [0 0 0 2 0])
  ("ShowS" .
   [0 0 0 1 0])
  ("Control" .
   [2 0 0 0 0 0 1])
  ("words" .
   [0 0 1 4 1])
  ("forever" .
   [1 0 1 1 0 0 0])
  ("input" .
   [2 0 0 0 0])
  ("Control.Monad" .
   [0 0 0 1 3 1 0 0 0 0 0 0 0])
  ("import" .
   [0 0 3 2 4 1])
  ("getLine" .
   [0 0 1 1 0 1 0])
  ("inPut" .
   [3 0 0 1 3])
  ("takeWhile" .
   [0 0 4 1 0 2 0 0 0])
  ("iterate" .
   [0 0 0 2 0 0 0])
  ("inPutMe" .
   [0 0 0 1 1 0 0])
  ("collatz" .
   [0 0 0 0 1 0 0])
  ("run" .
   [22 0 1])
  ("answer2" .
   [1 0 0 0 0 0 0])
  ("answers2" .
   [0 0 0 0 1 0 0 0])
  ("answer1" .
   [0 0 0 4 0 0 0])
  ("die" .
   [2 0 1])
  ("gen" .
   [1 0 0])
  ("self" .
   [0 0 6 2])
  ("zipWith'" .
   [1 0 0 0 0 0 0 0])
  ("zipWith" .
   [0 0 0 0 1 0 0])
  ("Mode" .
   [1 0 0 0])
  ("mode" .
   [1 0 0 0])
  ("mo" .
   [1 0])
  ("j_r" .
   [2 0 0])
  ("j_l" .
   [2 0 0])
  ("namestr" .
   [0 0 7 0 0 0 0])
  ("ress" .
   [5 0 0 0])
  ("resg" .
   [4 0 0 1])
  ("gohyaku" .
   [3 0 0 0 0 0 0])
  ("gohyaku_" .
   [1 0 4 1 0 1 0 0])
  ("shuppi" .
   [1 0 0 0 0 0])
  ("oturi" .
   [6 0 1 3 1])
  ("not" .
   [0 0 3])
  ("Fernando" .
   [1 0 0 0 0 0 0 0])
  ("niceGreeting" .
   [0 0 0 0 0 1 0 0 0 0 0 0])
  ("nice" .
   [0 0 2 0])
  ("greet" .
   [0 0 0 1 1])
  ("badGreeting" .
   [0 0 0 3 0 0 0 0 0 0 0])
  ("bmi" .
   [8 0 0])
  ("bmiTell" .
   [0 0 0 1 0 0 0])
  ("String" .
   [0 0 13 5 4 0])
  ("Double" .
   [0 0 1 15 0 0])
  ("1LL" .
   [2 0 0])
  ("PPP" .
   [4 0 0])
  ("pari" .
   [1 0 0 0])
  ("pq" .
   [5 0])
  ("limit" .
   [0 0 0 0 1])
  ("counttmp" .
   [0 0 0 0 0 0 3 0])
  ("calc" .
   [1 0 5 3])
  ("acos" .
   [0 0 1 0])
  ("bfr" .
   [0 0 3])
  ("anf" .
   [2 0 2])
  ("distance_ls_p" .
   [0 0 0 0 0 0 0 0 0 0 0 1 0])
  ("distance_l_p" .
   [0 0 1 2 0 0 0 0 0 0 0 0])
  ("maxy" .
   [6 0 0 0])
  ("maxx" .
   [2 0 2 4])
  ("miny" .
   [6 0 0 0])
  ("minx" .
   [5 0 1 0])
  ("ite" .
   [5 0 0])
  ("cost_" .
   [8 0 0 0 0])
  ("next" .
   [4 0 1 3])
  ("VVV" .
   [0 0 1])
  ("strsize" .
   [0 0 0 0 6 0 0])
  ("ssm" .
   [7 0 2])
  ("SIZE" .
   [0 0 6 0])
  ("StoI" .
   [0 0 0 3])
  ("charsize" .
   [2 0 0 0 0 3 0 0])
  ("Count" .
   [0 0 1 1 0])
  ("Ky_" .
   [1 0 0])
  ("Kx_" .
   [1 0 0])
  ("nx" .
   [1 0])
  ("ny" .
   [1 0])
  ("res_n" .
   [1 0 0 3 6])
  ("t_n" .
   [12 0 15])
  ("cdir" .
   [1 0 2 2])
  ("bestmod" .
   [0 0 1 0 0 0 0])
  ("dp" .
   [18 0])
  ("re" .
   [1 0])
  ("static_assert" .
   [0 1 0 0 0 0 0 0 0 0 0 0 0])
  ("npos" .
   [2 0 0 0])
  ("cValue" .
   [0 0 5 5 0 0])
  ("Complex3D" .
   [0 0 3 3 0 0 0 0 0])
  ("eey" .
   [3 0 0])
  ("eex" .
   [3 0 0])
  ("res_h" .
   [0 0 0 22 0])
  ("is_parallel" .
   [0 0 1 0 0 0 0 0 0 0 0])
  ("is_intersected_ls" .
   [3 0 0 0 3 1 0 0 0 0 0 0 0 0 0 0 0])
  ("pee" .
   [5 0 0])
  ("pe" .
   [5 0])
  ("ps" .
   [4 0])
  ("pss" .
   [6 0 0])
  ("imag" .
   [9 0 2 11])
  ("real" .
   [5 0 0 17])
  ("println" .
   [0 0 0 0 0 1 0])
  ("out" .
   [6 0 2])
  ("System" .
   [1 0 1 0 0 0])
  ("virtual" .
   [0 0 0 1 0 0 0])
  ("suffix" .
   [1 0 27 0 2 0])
  ("is_end" .
   [2 0 4 0 0 0])
  ("root" .
   [13 0 0 1])
  ("TrieTree" .
   [3 0 4 2 4 0 0 0])
  ("Node" .
   [30 0 0 1])
  ("isUruu" .
   [0 0 2 0 0 0])
  ("d_" .
   [1 0])
  ("pp" .
   [3 0])
  ("PP" .
   [10 0])
  ("priorty_queue" .
   [1 0 0 0 0 0 0 0 0 0 0 0 0])
  ("ans_x" .
   [0 0 0 2 0])
  ("clear" .
   [1 0 0 0 1])
  ("rand" .
   [1 0 1 0])
  ("REP" .
   [1 0 2])
  ("era_t" .
   [2 0 0 10 0])
  ("toString" .
   [0 0 3 0 0 0 0 0])
  ("equals" .
   [0 0 0 1 0 0])
  ("tri" .
   [1 0 0])
  ("Fib" .
   [5 0 0])
  ("fib" .
   [34 0 1])
  ("beta_s" .
   [0 0 1 0 0 0])
  ("std_s" .
   [0 0 0 1 1])
  ("cmp" .
   [4 0 0])
  ("export" .
   [0 0 0 1 0 0])
  ("is_alfa" .
   [1 0 0 0 0 0 0])
  ("exp" .
   [8 0 0])
  ("template" .
   [0 0 0 1 0 0 0 0])
  ("cul" .
   [0 0 3])
  ("static" .
   [0 0 1 0 1 0])
  ("gakuseki" .
   [0 0 9 0 1 0 0 0])
  ("rep" .
   [54 0 0])
  ("py2" .
   [2 0 0])
  ("px2" .
   [2 0 0])
  ("py1" .
   [1 0 0])
  ("fall" .
   [2 0 0 0])
  ("x_begin" .
   [0 0 0 1 2 0 0])
  ("x_end" .
   [0 0 0 3 0])
  ("y_end" .
   [1 0 0 2 0])
  ("y_begin" .
   [2 0 0 0 2 1 0])
  ("res_y" .
   [2 0 0 0 1])
  ("res_x" .
   [0 0 0 2 0])
  ("maze" .
   [2 0 2 3])
  ("stdc" .
   [0 0 0 3])
  ("int" .
   [0 0 2])
  ("cmp_x" .
   [0 0 2 0 0])
  ("pair_compare" .
   [0 0 0 0 0 0 0 0 0 0 0 1])
  ("secondElof" .
   [0 0 1 3 0 0 0 1 0 0])
  ("firstElof" .
   [2 0 0 2 0 0 2 0 0])
  ("long" .
   [0 0 2 1])
  ("nex" .
   [1 0 0])
  ("new" .
   [0 0 2])
  ("now" .
   [44 0 18])
  ("man" .
   [1 0 0])
  ("MAX" .
   [7 0 2])
  ("div" .
   [3 0 3])
  ("print" .
   [2 0 1 4 2])
  ("tmp_dir" .
   [0 0 0 10 0 1 1])
  ("tmp_dis" .
   [1 0 0 4 0 0 0])
  ("lo" .
   [0 1])
  ("upper_bound" .
   [0 0 1 0 0 0 0 0 0 0 0])
  ("count_x" .
   [2 0 0 2 0 0 1])
  ("end" .
   [11 0 0])
  ("begin" .
   [12 0 11 1 0])
  ("sort" .
   [3 0 1 0])
  ("dice" .
   [7 1 0 0])
  ("prim" .
   [22 0 1 1])
  ("nullptr" .
   [0 0 18 0 0 0 0])
  ("data" .
   [1 0 5 0])
  ("pair" .
   [17 1 4 2])
  ("bool" .
   [0 0 2 1])
  ("resize" .
   [3 0 0 6 4 0])
  ("UniFin" .
   [0 0 0 1 0 0])
  ("pb" .
   [3 0])
  ("Print" .
   [0 0 3 11 0])
  ("pa" .
   [3 0])
  ("rhs" .
   [2 0 14])
  ("const" .
   [0 0 3 9 2])
  ("operator" .
   [0 0 3 3 0 0 0 0])
  ("Widget" .
   [4 0 0 6 0 1])
  ("st" .
   [4 0])
  ("puts" .
   [5 0 0 2])
  ("private" .
   [0 0 0 23 0 0 0])
  ("f1" .
   [1 0])
  ("void" .
   [0 0 0 5])
  ("par" .
   [27 0 1])
  ("pre" .
   [7 0 0])
  ("UniFind" .
   [0 0 0 2 0 0 0])
  ("pragma" .
   [0 0 0 2 0 0])
  ("rank" .
   [2 0 23 0])
  ("s2" .
   [13 0])
  ("s1" .
   [14 0])
  ("cost" .
   [23 0 15 4])
  ("parents" .
   [1 0 15 4 10 0 1])
  ("string" .
   [99 0 13 6 12 8])
  ("map" .
   [17 0 6])
  ("str" .
   [142 0 15])
  ("continue" .
   [0 0 0 1 5 24 1 1])
  ("double" .
   [0 0 0 130 22 2])
  ("flag" .
   [30 0 6 20])
  ("solve" .
   [1 0 9 8 0])
  ("SingingEasy" .
   [0 0 1 0 0 0 0 0 0 0 0])
  ("pitch" .
   [0 0 9 0 0])
  ("endl" .
   [104 2 16 43])
  ("cin" .
   [120 0 3])
  ("while" .
   [1 0 5 42 3])
  ("sizeof" .
   [0 0 0 4 0 0])
  ("signed" .
   [0 0 6 0 0 0])
  ("namespace" .
   [0 1 11 4 40 3 2 1 3])
  ("using" .
   [0 0 1 7 1])
  ("find" .
   [16 0 18 1])
  ("size" .
   [179 2 40 14])
  ("public" .
   [0 0 6 6 0 2])
  ("main" .
   [10 0 1 0])
  ("sum" .
   [88 0 2])
  ("res" .
   [291 0 0])
  ("vector" .
   [24 0 207 32 0 0])
  ("return" .
   [1 1 245 6 5 2])
  ("card" .
   [1 0 9 4])
  ("score" .
   [3 0 13 8 0])
  ("MOD" .
   [25 0 5])
  ("RockPaperScissorsMagicEasy" .
   [0 0 0 1 0 0 0 0 0 0 0 0 0 0 0 0 0 0 0 0 0 0 0 0 0 0])
  ("num" .
   [90 0 30])
  ("scr" .
   [2 0 0])
  ("test" .
   [4 0 0 0])
  ("cout" .
   [196 0 0 15])
  ("count" .
   [16 0 5 90 3])
  ("typedef" .
   [0 1 22 2 5 3 2])
  ("ll" .
   [6 0])
  ("INF" .
   [44 0 3])
  ("bfs" .
   [4 0 2])
  ("ret" .
   [58 1 0])
  ("min" .
   [33 0 4])
  ("abs" .
   [15 1 1])
  ("include" .
   [0 0 5 6 1 3 2])
  ("times" .
   [3 0 3 2 5])
  ("true" .
   [0 0 1 20])
  ("dis" .
   [24 0 7])
  ("max" .
   [8 0 0])
  ("sqrt" .
   [5 0 0 1])
  ("second" .
   [4 0 62 3 2 0])
  ("ss" .
   [23 0])
  ("class" .
   [0 0 3 1 1])
  ("classes" .
   [1 0 0 0 0 0 2])
  ("sh" .
   [4 0])
  ("sm" .
   [5 0])
  ("stringstream" .
   [0 0 0 0 0 0 0 0 0 0 1 0])
  ("s_times" .
   [0 0 2 0 0 0 0])
  ("t_times" .
   [0 0 1 0 0 0 0])
  ("crl" .
   [6 0 30])
  ("else" .
   [1 1 5 2])
  ("push_back" .
   [1 0 2 10 11 2 0 0 1])
  ("nu" .
   [1 0])
  ("Point" .
   [3 0 13 2 0])
  ("first" .
   [6 1 50 13 2])
  ("break" .
   [0 0 0 25 4])
  ("s3" .
   [3 0])
  ("s4" .
   [1 0])
  ("endif" .
   [0 0 2 4 0])
  ("Dice" .
   [11 0 9 7])
  ("top" .
   [14 0 0])
  ("union" .
   [0 0 4 2 0])
  ("under" .
   [0 0 0 7 2])
  ("right" .
   [0 0 10 0 0])
  ("front" .
   [0 0 2 7 0])
  ("back" .
   [0 0 9 0])
  ("left" .
   [2 0 7 4])
  ("South" .
   [0 0 0 2 0])
  ("tmp" .
   [107 0 8])
  ("North" .
   [0 0 2 1 0])
  ("East" .
   [1 0 2 0])
  ("West" .
   [1 0 2 0])
  ("Right" .
   [0 0 2 0 0])
  ("Left" .
   [2 0 1 0])
  ("Top" .
   [9 0 1])
  ("carsor" .
   [0 0 6 1 0 0])
  ("sz" .
   [4 0])
  ("sx" .
   [9 0])
  ("sy" .
   [5 0])
  ("dx" .
   [3 0])
  ("dy" .
   [4 0])
  ("dz" .
   [2 0])
  ("check" .
   [0 0 0 5 0])
  ("win" .
   [2 0 1])
  ("nelem" .
   [0 0 6 2 1])
  ("new_x" .
   [1 0 0 0 0])
  ("offset" .
   [0 0 1 0 0 0])
  ("grid" .
   [9 0 3 10])
  ("false" .
   [0 0 5 6 0])
  ("for" .
   [3 0 6])
  ("dis_x" .
   [4 0 19 2 2])
  ("dis_y" .
   [9 0 4 0 0])
  ("name" .
   [7 0 0 0])
  ("val" .
   [4 0 1])
  ("course" .
   [1 0 0 21 0 0])
  ("final" .
   [0 0 8 1 0])
  ("reverse" .
   [0 0 1 10 3 0 0])
  ("tmp_j" .
   [1 0 0 0 0])
  ("probability" .
   [0 0 0 2 1 0 0 0 0 0 0])
  ("clues" .
   [2 0 0 2 0])
  ("i" .
   [1])
  ("c" .
   [1])
  ("auto" .
   [0 0 3 9])
  ("gird" .
   [0 0 2 2])
  ("dfs" .
   [41 0 0])
  ("ex" .
   [4 0])
  ("ey" .
   [1 0])
  ("push" .
   [11 0 0 1])
  ("histo" .
   [3 0 3 0 2])
  ("size_t" .
   [12 0 2 15 39 7])
  ("tone" .
   [10 0 2 1])
  ("int32_t" .
   [0 0 1 0 2 6 1])
  ("std" .
   [33 0 0])
  ("idx" .
   [3 0 9])
  ("pop" .
   [5 0 0])
  ("ans" .
   [16 0 1])
  ("setw" .
   [0 0 0 1])
  ("point" .
   [0 0 2 0 0])
  ("struct" .
   [0 0 4 2 2 1])
  ("numbered" .
   [0 0 0 1 0 0 0 0])
  ("v_" .
   [10 0])
  ("init" .
   [1 0 0 0])
  ("f_" .
   [2 0])
  ("line" .
   [0 0 2 0])
  ("lite" .
   [1 0 0 0])
  ("dir" .
   [18 0 0])
  ("define" .
   [0 0 6 1 2 0])
  ("FRONT" .
   [0 0 7 1 0])
  ("BACK" .
   [0 0 9 0])
  ("RIGHT" .
   [0 0 7 0 0])
  ("UNDER" .
   [0 0 7 0 0])
  ("LEF" .
   [0 0 5])
  ("LEFT" .
   [4 0 1 1])
  ("TOP" .
   [2 0 4])
  ("tmp_" .
   [0 0 0 1])
  ("SOUTH" .
   [0 0 0 2 0])
  ("delete" .
   [0 0 0 0 4 0])
  ("DIR" .
   [0 0 2])
  ("higth" .
   [0 0 5 0 0])
  ("EAST" .
   [0 0 1 0])
  ("NORTH" .
   [0 0 1 0 0])
  ("WEST" .
   [0 0 1 0])
  ("number" .
   [0 0 0 4 0 0])
  ("len" .
   [7 0 2])
  ("insert" .
   [5 0 0 3 5 5])
  ("compl" .
   [0 0 0 1 0])
  ("ComparePair" .
   [0 0 0 1 0 0 0 0 0 0 0])
  ("tdis" .
   [3 0 0 3])
  ("que" .
   [7 0 1])
  ("used" .
   [4 0 1 15])
  ("height" .
   [0 1 6 1 0 0])
  ("low" .
   [7 0 0])
  ("pow" .
   [3 0 0])
  ("op" .
   [6 0])
  ("gcd" .
   [1 0 1])
  ("key" .
   [1 0 3])
  ("keys" .
   [2 0 0 1])
  ("chomp" .
   [0 0 0 0 1])
  ("SQRT" .
   [1 0 5 0])
  ("friend" .
   [0 0 0 1 0 0])
  ("DIST" .
   [0 0 1 0])
  ("ss1" .
   [2 0 0])
  ("ss2" .
   [1 0 0])
  ("atoi" .
   [1 1 2 0])
  ("stirng" .
   [0 0 0 0 1 0])
  ("c_str" .
   [2 0 0 0 1])
  ("sleep" .
   [0 0 0 1 0])
  ("printf" .
   [0 0 0 1 0 0])
  ("era" .
   [29 0 0])
  ("args" .
   [0 0 1 0])
  ("arctan" .
   [0 0 0 1 0 0])
  ("Bunsuu" .
   [0 0 35 1 0 0])
  ("bun" .
   [7 0 1])
  ("add" .
   [4 0 3])
  ("sub" .
   [1 0 0])
  ("Cin" .
   [1 0 0])
  ("create" .
   [1 0 0 2 0 0])
  ("tera" .
   [1 0 0 0])
  ("VI" .
   [1 0])
  ("sum_l" .
   [0 0 1 11 0])
  ("sum_r" .
   [2 0 0 1 0])
  ("sum_m" .
   [6 0 0 0 0])
  ("mid" .
   [5 0 0])
  ("VV" .
   [3 0])
  ("search" .
   [0 0 4 4 0 0])
  ("erase" .
   [0 0 0 4 0])
  ("inv" .
   [2 0 0])
  ("bunbo" .
   [4 0 2 4 7])
  ("bunshi" .
   [2 0 0 2 8 2])
  ("mul" .
   [7 0 11])
  ("nbunbo" .
   [1 0 0 3 0 0])
  ("nbunshi" .
   [0 0 0 0 1 2 0])
  ("aite" .
   [4 0 0 0])
  ("ArrayList" .
   [0 0 1 0 0 0 0 0 0])
  ("souwa" .
   [2 0 0 1 0])
  ("get" .
   [1 0 2])
  ("BunsuuList" .
   [0 0 1 0 0 0 0 1 0 0])
  ("this" .
   [0 0 0 1])
  ("Test" .
   [0 0 2 0])
  ("ssx" .
   [5 0 0])
  ("ssy" .
   [4 0 0])
  ("sex" .
   [1 0 0])
  ("sey" .
   [0 0 1])
  ("foxes" .
   [0 0 1 4 0])
  ("last" .
   [1 0 1 0])
  ("Integer" .
   [0 0 1 1 0 0 0])
  ("n_" .
   [2 0])
  ("mod" .
   [2 0 0])
  ("one_class" .
   [1 0 0 1 0 0 0 0 0])
  ("list" .
   [3 0 1 0])
  ("set" .
   [10 0 0])
  ("i_mid" .
   [0 0 1 0 0])
  ("Ixx" .
   [4 0 0])
  ("Iyy" .
   [1 0 1])
  ("max_c" .
   [0 0 0 4 0])
  ("mod_" .
   [2 0 4 1])
  ("out_" .
   [2 0 0 0])
  ("itob" .
   [0 0 1 2])
  ("MtoI" .
   [0 0 0 2])
  ("sc" .
   [2 0])
  ("valarray" .
   [0 0 1 0 0 0 0 0])
  ("zeros" .
   [0 0 1 0 0])
  ("M_PI" .
   [1 0 0 0])
  ("firstEof" .
   [0 0 0 0 1 0 1 1])
  ("secondEof" .
   [0 0 0 0 0 0 0 3 0])
  ("to_s" .
   [0 0 1 0])
  ("rot" .
   [0 0 1])
  ("EPS" .
   [2 0 0])
  ("dINF" .
   [2 0 0 0])
  ("ppp" .
   [4 0 0])
  ("to_" .
   [3 0 0])
  ("unionfind" .
   [1 0 0 0 0 0 0 1 0])
  ("fb" .
   [5 0])
  ("unit" .
   [1 0 0 0])
  ("sayMe" .
   [0 0 2 0 0])
  ("show" .
   [0 0 1 13])
  ("The" .
   [1 0 0])
  ("element" .
   [1 0 0 0 0 1 0])
  ("weight" .
   [1 0 4 1 1 0])
  ("normal" .
   [1 0 0 1 0 1])
  ("initials" .
   [0 0 0 0 0 1 0 0])
  ("firstname" .
   [0 0 1 0 0 0 0 0 0])
  ("secondname" .
   [0 0 0 0 0 0 0 1 0 0])
  ("skinny" .
   [0 0 0 1 0 1])
  ("fat" .
   [1 0 1])
  ("mod5" .
   [0 0 0 3])
  ("nmin" .
   [3 0 0 0])
  ("nmax" .
   [5 0 0 0])
  ("ops" .
   [6 0 0])
  ("price" .
   [26 0 0 0 0])
  ("r0" .
   [2 0])
  ("multThree" .
   [0 0 1 0 0 0 0 0 0])
  ("j_t" .
   [1 0 0])
  ("j_b" .
   [1 0 0])
  ("nRow" .
   [1 0 2 6])
  ("nCol" .
   [7 0 1 7])
  ("bw_type" .
   [0 0 4 0 0 0 0])
  ("nPix" .
   [3 0 2 2])
  ("JReg2" .
   [0 0 0 1 0])
  ("jReg1" .
   [1 0 5 23 3])
  ("jReg_min" .
   [3 0 0 1 1 6 1 4])
  ("jReg2" .
   [12 0 0 1 0])
  ("iReg" .
   [0 0 0 6])
  ("Merge" .
   [1 0 3 7 0])
  ("amount" .
   [0 0 0 0 1 0])
  ("range" .
   [0 0 0 0 1])
  ("open" .
   [1 0 0 0])
  ("FILE" .
   [0 0 1 0])
  ("in_data" .
   [0 0 0 1 0 1 0])
  ("phone" .
   [1 0 1 0 0])
  ("email" .
   [1 0 0 1 0])
  ("yourname" .
   [0 0 0 2 0 0 0 0])
  ("errer_str" .
   [0 0 5 9 0 0 0 0 0])
  ("length" .
   [0 0 3 1 2 0])
  ("task" .
   [4 0 14 15])
  ("tex-pdfview-command" .
   [0 0 0 0 0 0 1 0 0 0 0 0 0 0 0 0 0 0 0])
  ("nextc" .
   [0 0 6 1 0])
  ("otherwise" .
   [0 0 0 0 0 4 0 0 0])
  ("putStr" .
   [0 0 0 1 0 0])
  ("putStrLn" .
   [0 0 8 7 0 0 0 1])
  ("readLn" .
   [0 0 3 6 0 8])
  ("replicate" .
   [0 0 0 0 0 1 0 0 0])
  ("sequence" .
   [0 0 2 0 0 0 0 0])
  ("then" .
   [0 0 0 2])
  ("Char" .
   [0 0 1 0])
  ("getContents" .
   [0 0 0 0 0 0 1 0 0 1 0])
  ("contents" .
   [1 0 0 0 3 6 0 0])
  ("filter" .
   [0 0 2 0 0 0])
  ("divisor" .
   [0 0 1 0 3 0 0])
  ("uint8" .
   [0 0 0 3 0])
  ("uint32_t" .
   [0 0 0 0 0 0 2 0])
  ("uint8_t" .
   [0 0 0 0 0 0 1])
  ("idx_parent" .
   [1 0 0 0 6 0 0 0 0 0])
  ("iy" .
   [3 0])
  ("ix" .
   [4 0])))
